winglet_height=0.12
winglet_cant=50.0
winglet_cruise_cdi=-0.0012496382116480484
winglet_turn_cdi=0.007403388012756667
vtail_area=0.05
vtail_dihedral=44.473684210526315
vtail_span=0.4472135954999579
vtail_root_chord=0.13975424859373686
vtail_tip_chord=0.08385254915624211
Cma=-1.8699716013463952
Cnb=0.04067389807129997
Clb=-0.06058091960059041
